BSPLINE
28
5

5 5 ############# 갈기 1
-1 0
-5 -5
0 -1
1 0
0.001
30 1 0 0
2.2 28 2.2

5 5 
-3 0
-5 -5
0 -3
3 0
0.1
30 1 0 0
2.2 28 2.2

5 5 
-4 0
-5 -5
0 -4
4 0
0.2
30 1 0 0
2.1 27.5 2.1

5 5 
-4 0
-5 -5
0 -4
4 0
0.4
30 1 0 0
2.5 25.5 2.5

5 5 
-4 0
-5 -5
0 -4
4 0
0.4
30 1 0 0
3 24 3

5 5 #####2
-4 0
-6 -6
0 -4
4 0
0.45
30 1 0 0
3 23.6 3

5 5
-4 0
-12 -12
0 -4
4 0
0.45
40 1 0 0
3 23 3

5 5
-5 0
-15 -15
0 -5
5 0
0.45
40 1 0 0
2.7 22.5 2.7

5 5
-4 0
-20 -20
0 -4
4 0
0.418
40 1 0 0
2.5 21.5 2.5

5 5
-4 0
-20 -20
0 -4
4 0
0.4
40 1 0 0
2 21.2 2

5 5
-5 0
-20 -20
0 -5
5 0
0.3
40 1 0 0
2 21 2 ####################

5 0 # 머리
5 5
0 5
-5 0
0 -5
0.6
0 0 0 0
0 22.7 0 

5 0
5 5
0 5
-5 0
0 -5
0.8
0 0 0 0
0 22 0 

5 0
5 5
0 5
-5 0
0 -5
0.9
0 0 0 0
0 21 0 

5 0
5 5
0 5
-5 0
0 -5
1
0 0 0 0
0 20 0 

5 0 ##
7 7
0 5
-5 0
0 -5
1
0 0 0 0
0 19 0 

5 0
5 5
0 5
-5 0
0 -5
1
0 0 0 0
0 18 0 

5 0
5 5
0 5
-5 0
0 -5
1
0 0 0 0
0 17 0 ############

8 0
0 8
-4 0
-3 -3
0 -4
1.1
0 0 1 0
0 15.5 0 

9 0
0 9
-5 0
-5 -5
0 -5
1.1
0 0 0 0
0 13.5 0 

9 0
0 9
-7 0
-7 -7
0 -7
1.16
0 0 0 0
0 11 0 

9 0
0 9
-9 0
-9 -9
0 -9
1.2
0 0 0 0
0 9 0 

10 0
0 10
-13 0
-13 -13
0 -13
1.1
3 1 0 0
0 7 0 

10 0
0 10
-10 0
-17 -17
0 -10
1.2
9 1 0 0
-2 3 -2 

15 0
0 15
-30 -25
-5 -5
-25 -30
1.2
10 1 0 0
-6 1.5 -6 

10 0
0 10
-30 -25
-5 -5
-25 -30
1.17
12 1 0 0
-7 0 -7

10 0
0 10
-30 -25
-5 -5
-25 -30
0.5
0 1 0 0
-5 0 -5 

10 0
0 10
-10 0
-20 -20
0 -10
0.001
0 1 0 0
-5 0 -5 